1.436705 0.751590
1.500000 1.250000
1.301509 1.021983
1.436705 0.751590

0.500000 1.000000
0.000000 1.000000
0.250000 0.750000
0.500000 1.000000

1.500000 0.000000
1.750000 0.249689
1.471466 0.467091
1.500000 0.000000

0.250000 1.250000
0.000000 1.500000
0.000000 1.000000
0.250000 1.250000

1.154297 1.316406
0.750000 1.187500
1.000000 1.000000
1.154297 1.316406

0.500000 1.000000
0.250000 0.750000
0.602083 0.647917
0.500000 1.000000

0.750000 1.187500
0.500000 1.000000
1.000000 1.000000
0.750000 1.187500

0.250000 1.750000
0.437500 1.500000
0.750000 1.812500
0.250000 1.750000

0.602083 0.647917
0.293828 0.293828
0.652494 0.307974
0.602083 0.647917

0.000000 1.500000
0.437500 1.500000
0.250000 1.750000
0.000000 1.500000

1.000000 2.000000
0.750000 1.812500
1.062500 1.656250
1.000000 2.000000

0.652494 0.307974
1.000000 0.000000
0.937500 0.500000
0.652494 0.307974

0.000000 1.000000
0.000000 0.500000
0.250000 0.750000
0.000000 1.000000

0.937500 0.500000
0.602083 0.647917
0.652494 0.307974
0.937500 0.500000

0.602083 0.647917
0.250000 0.750000
0.293828 0.293828
0.602083 0.647917

0.000000 0.000000
0.500000 0.000000
0.293828 0.293828
0.000000 0.000000

0.602083 0.647917
1.000000 1.000000
0.500000 1.000000
0.602083 0.647917

0.293828 0.293828
0.250000 0.750000
0.000000 0.500000
0.293828 0.293828

1.000000 1.000000
0.602083 0.647917
0.937500 0.500000
1.000000 1.000000

0.000000 0.000000
0.293828 0.293828
0.000000 0.500000
0.000000 0.000000

1.000000 0.000000
0.652494 0.307974
0.500000 0.000000
1.000000 0.000000

0.500000 0.000000
0.652494 0.307974
0.293828 0.293828
0.500000 0.000000

0.250000 1.750000
0.500000 2.000000
0.000000 2.000000
0.250000 1.750000

2.000000 0.000000
2.000000 0.500000
1.750000 0.249689
2.000000 0.000000

0.750000 1.187500
0.250000 1.250000
0.500000 1.000000
0.750000 1.187500

0.000000 1.000000
0.500000 1.000000
0.250000 1.250000
0.000000 1.000000

2.000000 2.000000
1.750000 1.750000
2.000000 1.500000
2.000000 2.000000

1.000000 0.000000
1.500000 0.000000
1.250000 0.285156
1.000000 0.000000

1.471466 0.467091
1.134978 0.729222
1.250000 0.285156
1.471466 0.467091

0.750000 1.187500
0.750000 1.500000
0.437500 1.500000
0.750000 1.187500

0.937500 0.500000
1.000000 0.000000
1.250000 0.285156
0.937500 0.500000

1.000000 2.000000
1.062500 1.656250
1.500000 2.000000
1.000000 2.000000

1.812500 1.250000
2.000000 1.000000
2.000000 1.500000
1.812500 1.250000

1.062500 1.656250
0.750000 1.812500
0.750000 1.500000
1.062500 1.656250

1.062500 1.656250
1.419970 1.602515
1.500000 2.000000
1.062500 1.656250

0.750000 1.500000
0.750000 1.187500
1.154297 1.316406
0.750000 1.500000

0.437500 1.500000
0.000000 1.500000
0.250000 1.250000
0.437500 1.500000

0.000000 2.000000
0.000000 1.500000
0.250000 1.750000
0.000000 2.000000

1.000000 2.000000
0.500000 2.000000
0.750000 1.812500
1.000000 2.000000

0.250000 1.750000
0.750000 1.812500
0.500000 2.000000
0.250000 1.750000

0.750000 1.812500
0.437500 1.500000
0.750000 1.500000
0.750000 1.812500

0.750000 1.187500
0.437500 1.500000
0.250000 1.250000
0.750000 1.187500

1.812500 1.250000
1.750000 1.750000
1.419970 1.602515
1.812500 1.250000

1.419970 1.602515
1.154297 1.316406
1.500000 1.250000
1.419970 1.602515

2.000000 2.000000
1.500000 2.000000
1.750000 1.750000
2.000000 2.000000

1.134978 0.729222
1.436705 0.751590
1.301509 1.021983
1.134978 0.729222

1.500000 1.250000
1.812500 1.250000
1.419970 1.602515
1.500000 1.250000

1.500000 2.000000
1.419970 1.602515
1.750000 1.750000
1.500000 2.000000

1.154297 1.316406
1.419970 1.602515
1.062500 1.656250
1.154297 1.316406

1.154297 1.316406
1.062500 1.656250
0.750000 1.500000
1.154297 1.316406

1.301509 1.021983
1.154297 1.316406
1.000000 1.000000
1.301509 1.021983

1.750000 0.249689
1.500000 0.000000
2.000000 0.000000
1.750000 0.249689

1.773827 0.750000
1.812500 1.250000
1.500000 1.250000
1.773827 0.750000

1.750000 1.750000
1.812500 1.250000
2.000000 1.500000
1.750000 1.750000

1.773827 0.750000
1.500000 1.250000
1.436705 0.751590
1.773827 0.750000

1.154297 1.316406
1.301509 1.021983
1.500000 1.250000
1.154297 1.316406

1.134978 0.729222
1.301509 1.021983
1.000000 1.000000
1.134978 0.729222

1.000000 1.000000
0.937500 0.500000
1.134978 0.729222
1.000000 1.000000

1.250000 0.285156
1.134978 0.729222
0.937500 0.500000
1.250000 0.285156

2.000000 1.000000
1.773827 0.750000
2.000000 0.500000
2.000000 1.000000

1.773827 0.750000
1.471466 0.467091
1.750000 0.249689
1.773827 0.750000

1.134978 0.729222
1.471466 0.467091
1.436705 0.751590
1.134978 0.729222

1.500000 0.000000
1.471466 0.467091
1.250000 0.285156
1.500000 0.000000

1.773827 0.750000
1.750000 0.249689
2.000000 0.500000
1.773827 0.750000

1.812500 1.250000
1.773827 0.750000
2.000000 1.000000
1.812500 1.250000

1.471466 0.467091
1.773827 0.750000
1.436705 0.751590
1.471466 0.467091

