     0.0      0.0
     2.0      0.0
     2.0      2.0
     0.0      2.0
1.29289321881 1.29289321881
     2.0      1.0
1.64644660941 1.64644660941
1.68933982822     1.25
1.46966991411 1.46966991411
1.66789321881 1.4482233047
1.55805826176 1.55805826176
     1.0      2.0
1.51929039766 1.68521447351
1.39891260273 1.62881557314
1.46488377711 1.56284439876
     1.5      2.0
1.4223275758 1.7355052758
    1.25      2.0
1.8232233047 1.8232233047
1.54037728361 1.84449053216
1.25339086814 1.71666720334
1.60982972258 1.75426168301
1.73483495706 1.73483495706
    1.75      2.0
     2.0      1.5
1.87055826176   1.6875
     2.0     1.75
1.90741019924 1.77646844727
     2.0    1.875
     2.0    1.625
1.91161165235 1.91161165235
1.6777341995 1.87837470112
  1.8125 1.92233495706
   1.875      2.0
   1.625      2.0
1.28132866498 1.48123446794
1.28270350239 1.60077161122
0.955840817085 1.57975530767
1.12232136439 1.54283974295
1.17923220934 1.63625607751
1.07207365907 1.80948412448
1.14979614526 1.73780504681
1.22828594708 1.85805344179
1.03038790614 1.68630650891
1.32927552001 1.80306345429
   1.125 1.9464875639
   0.875 1.9310704345
1.04667762299 1.59555610585
     0.5      2.0
    0.75      2.0
1.01341704701 1.89618482002
0.66483378219 1.69775060129
0.911106305537 1.78228663387
0.742688871436 1.83893655081
0.786101827552 1.91766357419
1.38349334686 1.1721102249
1.00175096318 1.37650903351
   1.375      2.0
1.32132231478 1.90868641854
1.42702426939 1.86353465897
   0.625 1.92497644486
0.45143983643 1.77744606574
0.630371171031 1.80881358845
0.528775853394 1.86232160047
0.553035154066 1.72393805373
0.804047754756 1.43233526328
1.51660544513 1.0030369715
     2.0      0.5
0.587931278498 1.62117818711
1.21208739264 1.21208739264
0.68779610005 1.59778608196
0.823677860869 1.66071362724
1.25100320739 1.38484675157
1.38128156646 1.38128156646
1.4824870743 1.19168771097
1.51832478273 1.33262669784
1.40307083293 1.27110395234
0.96966991411 0.96966991411
1.27007222023 1.0733380234
0.646446609407 0.646446609407
1.57997043206 1.24192568762
1.64794626653 1.06592973476
1.5719875204 1.13771709912
1.56526572317 1.42645093317
1.63626848827 1.34452984108
1.18516628495 1.46903981916
0.607441611021 1.47960517832
1.42018638025 1.06406231769
1.5507743435 0.736342835191
     0.0      1.0
0.451453361631 1.65426855246
0.714672702746 1.49310385123
0.816204643704 1.54632315436
1.61712781511 0.961700973696
1.53804153498 0.863576308144
1.63469581804 0.866608340301
     0.0      1.5
0.274818107349 1.71583791485
1.81053096729 0.961185954058
   0.375      2.0
0.459584564111 1.53135971019
0.304398035563 1.50997328349
0.373870074235 1.715848791
     0.0    1.875
0.324354845413 1.61789823473
    0.25      2.0
     0.0     1.75
0.925981268184 1.67936609555
0.810649330537 1.76230631565
1.13128156646 1.13128156646
1.71390478684 0.989756467778
1.32062599411 0.556166184555
     2.0     1.25
     1.0      0.0
0.426296292146 1.19917576582
0.154520374936 1.5934953472
1.42321273224 0.72748188799
1.12720663707 1.35587882374
1.07795355788 1.44813613051
1.04406178218 1.24203470901
1.1345246004 1.26325018236
0.861709769751 1.25855319084
1.05047574029 1.05047574029
0.956330810856 1.28832462682
0.792382864716 1.06802982974
0.899437546368 1.0520347285
0.895941715081 1.15810146954
1.14117205918 0.959779421397
1.7134273334 0.810460391606
1.51155614528 0.614636574132
1.70176792743 0.620515295108
1.16339508973 0.43307454474
1.40485132557 0.622103820701
1.60561358106 0.651499734062
1.61025807977 0.501222423531
0.483027488339 1.36125059935
0.137156117051 1.73088419977
0.324328495097 1.85787739017
0.216107108763 1.81595127978
   0.125      2.0
  0.1875 1.91636440598
     0.0     1.25
1.33439539463 0.894987110311
1.42036824175 0.957666697434
1.29115258073 1.16363864952
1.17797737841 1.04793824028
1.70737874501 1.14925401727
1.84466991411 1.22582443273
1.03967431051 0.691675709208
     1.5      0.0
1.80495967011 0.446611514499
0.514902207772 1.45231319264
0.393712761951 1.43561194142
0.638774290908 1.21576815743
0.684321432676 1.35235667853
0.581637844618 1.31070940743
0.531862246365 1.21609080889
0.524646007962 0.92325350581
0.584872665811 1.06827693595
0.746689621242 1.25567083897
0.724133858757 1.15079421072
0.802240882434 1.33527838049
0.106267844702 1.83894028138
0.425644634371 1.90184912399
0.203968620229 1.50599227928
0.259826537721 1.3656206453
1.25057584296 0.965531856195
1.00136609958 1.14471826842
1.82853660797 1.09338442575
1.89788644302 1.01661343447
     2.0    1.125
1.90654391445 1.15108454164
1.82153039146 1.5235601195
1.76850650577 1.36086874287
1.04832417631 0.841665258041
1.52198629162 0.524057532282
1.50460762557 0.274848238925
1.71854348044 0.512901580683
1.53642449662 0.397840081544
1.67967572923 0.372761905891
1.40644364216 0.446905904513
1.82418376913 0.270803051902
1.43132477043 0.534738235071
1.28493037403 0.439796787443
1.27762864934 0.159793228269
1.35390415254 0.302899013186
     2.0     0.25
    1.75      0.0
1.77492346779 0.354371872335
0.433329560924 1.04619369001
0.808058261758 0.808058261758
0.888864087934 0.888864087934
0.688488216908 0.950966091489
0.770744394458 0.982598702807
0.370375240065 1.3097161127
0.229933184024 1.1692530678
0.323204383717 1.21643786288
0.325095769002 1.09692112969
0.17681548191 1.00060376039
     0.0    1.375
     2.0    1.375
1.77342830739 1.62724661073
1.76063404636 1.45342089248
1.90095934084   1.4375
1.89901416228 1.32469515439
1.91746083351   1.5625
1.69705553831 1.55165034976
1.05359557113 0.933071777916
1.21211488263 0.756975289993
1.23399688545 0.860764592528
1.29699128276 0.673117306977
1.32172615827 0.78303516056
1.16408342807 0.623477930991
1.13970302916 0.865383916021
1.03126225405 0.528755163185
1.0748032859 0.608184456806
1.4411292417 0.352663504504
1.51411068698 0.13722618603
0.515694611645 1.01198837764
0.499783799283 1.12117404324
0.935455102868 0.77293020143
0.8268545445 0.627650326666
0.859154530156 0.972717167811
0.852740807928 0.721530494201
0.727252435583 0.727252435583
0.697924761911 0.83738593543
0.687243301975 1.05428148264
0.331426093223 0.875119000769
0.339269946909 0.986334267081
0.421695908009 0.924636640873
0.468389092494 0.732476772859
0.188143667889 1.41839552045
0.102410353665 1.48849422624
0.143621159974 1.28285163225
0.240740228552 1.26945823368
0.0996834852129 1.37236813722
1.11132983819 0.762787542354
1.21580967813 0.528087995067
0.943612109295 0.268635652218
1.41976176925 0.237866234431
    1.25      0.0
1.72923653702 0.120604394384
1.65248060337 0.215920017396
   1.625 0.056485086131
   1.375      0.0
   1.875      0.0
1.74770469886 0.214039357024
1.39435536187 0.119502461375
0.946762494411 0.614795571201
0.868856837468 0.453771347811
0.936636031862 0.52033688099
0.995383464775 0.396017819766
1.07235705542 0.446429599285
1.20545729574 0.290140966172
1.07366390698 0.289990973235
1.03042666083 0.146622567893
1.6024502338 0.30537353495
  1.9375    0.125
1.90711253466 0.218318732671
1.83387725677 0.0986863716144
1.28381852929 0.248374363073
1.27516589076 0.349052546105
   1.125 0.0505286945587
1.21312665495 0.0886606391674
0.919960392852 1.46484215439
0.896405291568 1.36798304052
     0.0    1.625
0.0865259744604 1.65469343329
     2.0     0.75
1.92725479466    0.875
1.8182825885 0.849550172041
1.42990173145 0.838328334007
1.86745409715 0.601262776667
1.80746310142 0.718394724398
     2.0    0.625
1.89722176575 0.773854469558
1.92161118094 0.680784988438
1.8951392371 0.500122637944
1.94742335542    0.375
     0.0    1.125
0.142916988714 1.19272744655
0.0883115266326 1.02847892219
     0.0     0.75
0.176498639919 1.09339316903
     0.0      0.5
     0.0    0.875
0.165735509021   0.8125
0.0710831646449   0.8125
0.593067831227 0.763246823128
0.602073514819 0.861730381614
0.353553390593 0.353553390593
0.816055904579 0.533029264953
0.733420841714 0.606049260721
0.601861413292 0.405666059483
0.739379262648 0.424731236111
    0.75      0.0
     0.5      0.0
0.823365041728 0.353437097105
0.720450372072 0.333476734048
     0.5      0.5
0.641873268691 0.522775269742
0.478707111387 0.374846279206
0.853082998772 0.267921762104
0.44661895843 0.184995629795
0.429515772606 0.285523434272
0.176776695297 0.176776695297
0.576218716682 0.258763757983
0.310701714108 0.213590319073
    0.25      0.0
   0.375      0.0
0.252032975373 0.104395476565
  0.4375 0.0821648827048
0.571789848618 0.119461309874
0.348330536505 0.123014586827
   0.625      0.0
0.723508333365 0.172713206053
0.763629380836 0.253887215502
0.633208250648 0.187230251409
0.667202329705 0.0903786736236
   0.875      0.0
  0.8125 0.0979749002666
0.926101531207 0.101521014203
1.14375091576 0.1869059788
0.226088956891 0.903323174583
0.141790703839    0.625
0.299968291824 0.707837618839
0.375386896072 0.78025346925
0.264736380657 0.801061654229
0.19631981746 0.713315268508
0.401035743949 0.604930911814
0.26837552785 0.5757256247
0.373616493015 0.479936897578
0.153757215575 0.468507664247
0.265868367989 0.432257434222
     0.0     0.25
0.228217417217 0.302112668673
0.114193133518 0.27568661167
0.152819698593 0.368230515068
     0.0    0.625
0.0887554284241 0.542240857454
0.524700453447 0.621746155959
   0.125 0.0517766952966
0.0517766952966    0.125
     0.0    0.375
